# demo file
# name High pressure sodium light source
# wavelength[nm] value[-]
350   0.00214193
353   0.00232423
355   0.00247923
358   0.00289145
360   0.00334003
363   0.00392034
366   0.00437817
369   0.00477492
371   0.00483354
374   0.00479742
376   0.00509663
379   0.00553027
382   0.00608828
385   0.00668989
388   0.00730654
391   0.00790102
394   0.00854108
396   0.00898735
399   0.01022440
400   0.01080750
410   0.01327040
420   0.01617650
430   0.02051790
440   0.02553880
450   0.03637660
460   0.02102420
470   0.05393910
480   0.00825609
490   0.01599770
500   0.14844400
510   0.01257560
520   0.00976648
530   0.00926564
540   0.01212480
550   0.04844700
560   0.07944080
570   0.70799200
580   0.41233200
590   0.25459800
600   0.56210900
610   0.25467000
620   0.15697000
630   0.11107900
640   0.08847690
650   0.07109420
660   0.06187250
670   0.06640560
680   0.04768640
690   0.02996560
700   0.02572230
710   0.02388490
720   0.02240770
730   0.02149910
740   0.02150130
750   0.02431650
760   0.02163920
770   0.12313000
780   0.02346670
790   0.00000000
800   0.02918970
802   0.03044260
804   0.03183880
806   0.03410100
808   0.03714910
810   0.04232160
812   0.05675470
814   0.09685400
816   0.35943300
818   1.39793000
820   1.66091000
822   0.65211100
824   0.20490500
826   0.11197900
828   0.07644750
830   0.05698630
832   0.04472590
834   0.03621030
836   0.03009660
838   0.02569690
840   0.02236690
842   0.01992290
844   0.01816980
846   0.01687430
848   0.01592180
850   0.01513430
852   0.01443010
854   0.01382680
856   0.01334840
858   0.01292690
860   0.01271800
862   0.01333170
864   0.01512630
866   0.01444950
868   0.01225130
870   0.01141930
872   0.01124630
874   0.01115140
876   0.01108790
878   0.01105870
880   0.01106750
882   0.01106140
884   0.01098340
886   0.01091260
888   0.01076930
890   0.01059200