# demo file
# name LED light source
# wavelength[nm] value[-]
350   0.0001619640
353   0.0001393020
355   0.0001368810
358   0.0001380360
360   0.0001396490
363   0.0001803940
366   0.0001792480
369   0.0002076070
371   0.0002351660
374   0.0002701310
376   0.0002413790
379   0.0002728080
382   0.0003113300
385   0.0003123150
388   0.0003797570
391   0.0004171380
394   0.0004573180
396   0.0005232190
399   0.0005570820
400   0.0006110180
410   0.0015179100
420   0.0069904300
430   0.0298504000
440   0.0893861000
450   0.1733100000
460   0.1192300000
470   0.0663264000
480   0.0417685000
490   0.0352309000
500   0.0441839000
510   0.0634581000
520   0.0816609000
530   0.0933058000
540   0.0985015000
550   0.0998105000
560   0.0987981000
570   0.0960597000
580   0.0914178000
590   0.0847133000
600   0.0752861000
610   0.0659880000
620   0.0579522000
630   0.0495507000
640   0.0408847000
650   0.0332830000
660   0.0267735000
670   0.0213529000
680   0.0168739000
690   0.0132193000
700   0.0102671000
710   0.0079256900
720   0.0060913100
730   0.0046342600
740   0.0035352000
750   0.0027049900
760   0.0020159700
770   0.0015365100
780   0.0011814300
790   0.0000000000
800   0.00068117	
802   0.00063096  
804   0.00062488  
806   0.00057652  
808   0.00054799  
810   0.00053521  
812   0.00048712  
814   0.00046337  
816   0.00045259  
818   0.00041763  
820   0.00039845  
822   0.00037400  
824   0.00035722  
826   0.00033452  
828   0.00033327  
830   0.00030607  
832   0.00030009  
834   0.00028607  
836   0.00027113  
838   0.00028356  
840   0.00024836  
842   0.00024000  
844   0.00023216  
846   0.00021032  
848   0.00020859  
850   0.0002076890
852   0.0001902880
854   0.0001873540
856   0.0001816730
858   0.0001884970
860   0.0001706290
862   0.0001694540
864   0.0001678140
866   0.0001822010
868   0.0001830330
870   0.0001296750
872   0.0001456550
874   0.0001555550
876   0.0001267460
878   0.0001286480
880   0.0001478980
882   0.0001298570
884   0.0001285590
886   0.0001189110
888   0.0001132910
890   0.0001004800