# demo file
# name Low pressure sodium light source
# wavelength[nm] value[-]
350   0.0000100581
353   0.0000108067
355   0.0000173751
358   0.0000076700
360   0.0000082138
363   0.0000011595
366   0.0000052668
369   0.0000024154
371   0.0000010053
374   0.0000049435
376   0.0000032747
379   0.0000051148
382   0.0000022984
385   0.0000157436
388   0.0000042830
391   0.0000011138
394   0.0000006635
396   0.0000059013
399   0.0000037386
400   0.0000032102
410   0.0000000235
420   0.0000036461
430   0.0000001264
440   0.0000014949
450   0.0000065451
460   0.0000017692
470   0.0000126798
480   0.0000019484
490   0.0000111875
500   0.0001106410
510   0.0000132883
520   0.0000208114
530   0.0000154580
540   0.0000264417
550   0.0000340771
560   0.0000880910
570   0.0014644400
580   0.0012780900
590   0.1932900000
600   0.0005289680
610   0.0001827840
620   0.0001043210
630   0.0000734173
640   0.0001605130
650   0.0000718637
660   0.0000354386
670   0.0000359567
680   0.0000262787
690   0.0000309679
700   0.0000341227
710   0.0000265907
720   0.0000212435
730   0.0000099316
740   0.0000932885
750   0.0003352730
760   0.0000039536
770   0.0009383260
780   0.0000087235
790   0.0000000000
800   0.0002830700
802   0.00042516  
804   0.00003780  
806   0.00001654  
808   0.00006859  
810   0.00114626  
812   0.00196856  
814   0.00021051  
816   0.00114960  
818   0.01606390  
820   0.01953590  
822   0.00224688  
824   0.00013915  
826   0.00029529  
828   0.00020258  
830   0.00008277  
832   0.00006397  
834   0.00005839  
836   0.00003761  
838   0.00006681  
840   0.00041210  
842   0.00086084  
844   0.00041996  
846   0.00004221  
848   0.00002678  
850   0.0000661259
852   0.0001887130
854   0.0001019890
856   0.0000120274
858   0.0000090267
860   0.0000189013
862   0.0000023595
864   0.0000195434
866   0.0000478315
868   0.0000311498
870   0.0000101623
872   0.0000092724
874   0.0000253057
876   0.0000179315
878   0.0000077579
880   0.0000184937
882   0.0000038697
884   0.0000075824
886   0.0000218270
888   0.0000085364
890   0.0000168851