# demo file
# name Mercury Vapor light source
# wavelength[nm] value[-]
350   0.00314185
353   0.00350736
355   0.00368935
358   0.01428070
360   0.03840750
363   0.06650420
366   0.08014350
369   0.07808920
371   0.06089330
374   0.00844222
376   0.00275671
379   0.00238386
382   0.00229164
385   0.00254818
388   0.00293445
391   0.00310825
394   0.00317272
396   0.00312933
399   0.01179130
400   0.01794400
410   0.01688520
420   0.00262583
430   0.01635750
440   0.04072360
450   0.00348850
460   0.00379962
470   0.00438684
480   0.00507425
490   0.00724402
500   0.00670027
510   0.00748667
520   0.00843542
530   0.00979478
540   0.01264510
550   0.02557700
560   0.01357660
570   0.01595980
580   0.12568700
590   0.01800520
600   0.01877990
610   0.02058870
620   0.02202150
630   0.02349600
640   0.02499850
650   0.02671600
660   0.02843510
670   0.03041500
680   0.03198400
690   0.03748520
700   0.03556910
710   0.03819360
720   0.03912570
730   0.04093630
740   0.04274160
750   0.04453660
760   0.04635040
770   0.04814550
780   0.04981250
790   0.00000000
800   0.05317070
802   0.05351510
804   0.05385920
806   0.05418210
808   0.05450800
810   0.05486650
812   0.05523390
814   0.05560240
816   0.05600570
818   0.05638620
820   0.05670760
822   0.05693040
824   0.05718090
826   0.05747050
828   0.05778800
830   0.05809720
832   0.05841010
834   0.05873420
836   0.05908450
838   0.05940910
840   0.05976790
842   0.06012840
844   0.06046890
846   0.06079060
848   0.06116490
850   0.06158520
852   0.06194900
854   0.06227050
856   0.06264370
858   0.06304990
860   0.06343560
862   0.06382870
864   0.06426560
866   0.06472060
868   0.06510520
870   0.06548520
872   0.06595320
874   0.06645740
876   0.06697350
878   0.06741550
880   0.06762570
882   0.06791170
884   0.06827280
886   0.06864480
888   0.06905520
890   0.06952890