# demo file
# name Metal halide light source
# wavelength[nm] value[-]
350   0.00924777
353   0.01587770
355   0.01657750
358   0.01656230
360   0.01639310
363   0.01774500
366   0.02217540
369   0.02357890
371   0.02416640
374   0.02622290
376   0.03966960
379   0.05479470
382   0.05438920
385   0.04453390
388   0.02881590
391   0.03798560
394   0.05018220
396   0.05334330
399   0.04870350
400   0.04580870
410   0.03879440
420   0.07172770
430   0.08870370
440   0.07643030
450   0.06132100
460   0.04970620
470   0.05921150
480   0.04756330
490   0.06098170
500   0.10632700
510   0.08271210
520   0.10483700
530   0.10438300
540   0.14789400
550   0.07705680
560   0.14201500
570   0.30400700
580   0.13093400
590   0.59812800
600   0.40126300
610   0.21397600
620   0.14461400
630   0.14720800
640   0.13223900
650   0.09559780
660   0.05980740
670   0.07130180
680   0.04433990
690   0.02990780
700   0.02644110
710   0.02145230
720   0.03426290
730   0.02184790
740   0.02199060
750   0.01819930
760   0.01904780
770   0.02800260
780   0.01629370
790   0.00000000
800   0.01687930
802   0.01706760 
804   0.01661230 
806   0.01683560 
808   0.01902990 
810   0.02065160 
812   0.02404980 
814   0.02953810 
816   0.12160100 
818   0.67481500 
820   0.90444700 
822   0.37295800 
824   0.10895800 
826   0.06558010 
828   0.04885480 
830   0.03959180 
832   0.03318200 
834   0.02777840 
836   0.02401860 
838   0.02198650 
840   0.02016570 
842   0.01840660 
844   0.01731230 
846   0.01686580 
848   0.01755180 
850   0.01778780 
852   0.01839500 
854   0.01922760 
856   0.01803730 
858   0.01533360 
860   0.01490610 
862   0.01574070 
864   0.01710880 
866   0.01705820 
868   0.01567930 
870   0.01381140 
872   0.01296050 
874   0.01286280 
876   0.01308980 
878   0.01329360 
880   0.01303670 
882   0.01233220 
884   0.01186470 
886   0.01156710 
888   0.01160050 
890   0.01154260 